0,1
no brand,69.0
UNIQLO,54.0
earth music&ecology,51.0
CONVERSE,38.0
ユニクロ,28.0
無印良品,25.0
URBAN RESEARCH,22.0
HITCH HIKE MARKET,20.0
LOWRYS FARM,18.0
KBF,16.0
cepo,15.0
niko and...,14.0
COACH,10.0
Green Parks,10.0
Samansa Mos2,9.0
BOYCOTT,8.0
Bershka,8.0
JEANASIS,7.0
as know as,6.0
WEGO,6.0
AIGLE,6.0
meJane,5.0
ALL ORDINARIES,4.0
Discoat,4.0
PLST,4.0
titivate,4.0
soulberry,3.0
FREE’S MART,3.0
RNA-N,3.0
MILKFED.,3.0
CHINESE LAUNDRY,2.0
REZOY,2.0
go slow caravan,2.0
ARMEN,2.0
BABYLONE,2.0
G-Shock,2.0
zootie,2.0
ivory court,2.0
Engineered Garments,2.0
Zoff,2.0
Faith,1.0
桃太郎ジーンズ,1.0
MAGIC STICK,1.0
E hyphen world gallery,1.0
salut!,1.0
any Fam,1.0
Dior,1.0
galvanize,1.0
PUMA,1.0
EBBETS FIELD FLANNELS,1.0
"""""""""""""""""""""""""""""""""""""""""""""""""""""""""""""""""""""""""""""""""""""""""""""""""""""""""""""""""""""""""""""""""""""""""""""""""""""""""""""""""""""""""""""""""""""""""""""""""""""""""""""""""""""""""""""""""""""""""""""""""""""""""""""""""""""""""""""""""""""""""""""""""""""""""""""""""""""""""""""""""""""""""""""""""""""""""""""""""""""""""""""""""""""""""""""""""""""""""""""""""""""""""""""""""""""""""""""""""""""""""""""""""""""""""""""""""""""""""""""""""""""""""""""""""""""""""""""""US CONVERSE""""""""""""""""""""""""""""""""""""""""""""""""""""""""""""""""""""""""""""""""""""""""""""""""""""""""""""""""""""""""""""""""""""""""""""""""""""""""""""""""""""""""""""""""""""""""""""""""""""""""""""""""""""""""""""""""""""""""""""""""""""""""""""""""""""""""""""""""""""""""""""""""""""""""""""""""""""""""""""""""""""""""""""""""""""""""""""""""""""""""""""""""""""""""""""""""""""""""""""""""""""""""""""""""""""""""""""""""""""""""""""""""""""""""""""""""""""""""""""""""""""""""""""""""""""""""""""""""""""""""""""""""""""""""""""""""""""""""""""""""""""""""""""""""""""""""""""""""""""""""""""""""""""""""""""""""""""""""""""""""""""""""""""""""""""""""""""""""""""""""""""""""""""""""""""""""""""""""""""""""""""""""""""""""""""""""""""""""""""""""""""""""""""""""""""""""""""""""""""""""""""""""""""""""""""""""""""""""""""""""""""""""""""""""""""""""""""""""""""""""""""""""""""""""""""""""""""""""""""""""""""""""""""""""""""""""""""""""""""""""""""""""""""""""""""""""""""""""""""""""""""""""""""""""""""""",1.0
COMMECAISM  ,1.0
AMERICANA,1.0
HOMME,1.0
Nordstrom,1.0
People Tree,1.0
Jouete,1.0
Wonder Rocket,1.0
CHIME,1.0
SON OF THE CHEESE,1.0
OFUON,1.0
RACAL,1.0
YUKI FUJISAWA,1.0
Hurley ,1.0
Calimar,1.0
HOUSTON,1.0
THE KISS COUPLE'S,1.0
BURGUS PLUS,1.0
SLICK,1.0
HECTIC,1.0
NAUGHTIAM,1.0
Sieste Peau,1.0
NARCOTIC,1.0
STILL BY HAND,1.0
