0,1
DHOLIC,111.0
LEPSIM,83.0
one after another NICE CLAUP,79.0
snidel,76.0
MAISON DE REEFUR,39.0
merry jenny,17.0
H&M,17.0
Lee,16.0
titivate,11.0
tk.TAKEO KIKUCHI,9.0
Levi's,9.0
New Balance,7.0
STYLENANDA,7.0
MARGARET HOWELL,6.0
PHENOMENON,6.0
STELLA McCARTNEY,6.0
GLOBAL　WORK,5.0
OZOC,5.0
LEPSIM LOWRYS FARM,5.0
ESPERANZA,5.0
SAINT LAURENT PARIS,4.0
ZARA,4.0
One deux boo,4.0
Odette e Odile,4.0
TIFFANY&Co.,4.0
E hyphen world gallery,3.0
OPAQUE.CLIP,3.0
PRADA,3.0
BEAMS HEART,3.0
Another Edition,3.0
Honey mi Honey,3.0
ORiental TRaffic,3.0
studio CLIP,3.0
EDIFICE,3.0
MoonStar,3.0
select MOCA,3.0
Nigel Cabourn,3.0
reca,3.0
deicy,3.0
URBAN OUTFITTERS,2.0
B:MING LIFE STORE by BEAMS,2.0
THOM BROWNE,2.0
TOMMY HILFIGER,2.0
Calvin Klein,2.0
Omekashi,2.0
And A,2.0
NIKE,2.0
Jordan,2.0
COMME des GARCONS HOMME PLUS,2.0
CA4LA,2.0
AIRWALK,2.0
CABANE de ZUCCa,2.0
G-SHOCK,2.0
RED WING SHOES,2.0
BEDWIN & THE HEARTBREAKERS,2.0
KBF+,2.0
ASICS TIGER,2.0
Faliero Sarti,2.0
SPAO,2.0
ASBee,2.0
JAM HOME MADE,2.0
JUSTIN DAVIS,2.0
JACKROSE,1.0
mystic,1.0
Secret Honey,1.0
JANSPORT,1.0
Mackintosh,1.0
SEVENDAYS=SUNDAY,1.0
rupert,1.0
COMME des GARCONS COMME des GARCONS,1.0
Kelen,1.0
jevous enprie!,1.0
SENSE OF PLACE by URBAN RESEARCH,1.0
RNA SWEAT,1.0
417 EDIFICE,1.0
iliann loeb,1.0
antiqua,1.0
SOPHNET.,1.0
miu miu,1.0
CALIBURN,1.0
Supreme.La.La,1.0
GALERIE VIE,1.0
AS SUPER SONIC,1.0
AKM Contemporary,1.0
NIXON,1.0
BACK NUMBER,1.0
UNIF,1.0
polcadot,1.0
theory,1.0
NOJESS,1.0
G-STAR RAW,1.0
POLO JEANS COMPANY,1.0
M-PREMIER,1.0
MAGICAL MOSH MISFITS,1.0
SANDERS,1.0
Demi-Luxe BEAMS,1.0
MR.OLIVE,1.0
GREEN BOWL,1.0
mature ha.,1.0
TRANS CONTINENTS,1.0
le coq sportif,1.0
HAKKA KIDS,1.0
green,1.0
ROGGYKEI,1.0
3can4on,1.0
L.G.B.,1.0
Minnetonka,1.0
ALDIES,1.0
JUNK FOOD,1.0
Roomy's-ORIGINAL-,1.0
IL BISONTE,1.0
chuxxx,1.0
GYDA,1.0
Moschino,1.0
ヒラキ,1.0
Christian Dior,1.0
MYSELF ABAHOUSE,1.0
doux bleu ,1.0
LIME.INC,1.0
Indian Jewelry,1.0
STAR JEWELRY,1.0
nitraid,1.0
MYE-DO',1.0
NIKE SB,1.0
Free People,1.0
PONTE VECCHIO,1.0
Sunny Landscape,1.0
Angelic Pretty,1.0
Casselini,1.0
BNT,1.0
ZARIO-PREMIO-,1.0
fort point,1.0
quoti use fith,1.0
FURLA,1.0
SHIPS Days,1.0
MUHLBAUER,1.0
foot the coacher,1.0
BAO BAO ISSEY MIYAKE,1.0
Amavel,1.0
Venilla suite,1.0
GEORGE COX,1.0
H/standard,1.0
ORIHICA,1.0
TISSOT,1.0
KP,1.0
Rooster King &Co,1.0
QUODDY TRAIL MOCCASIN,1.0
Leur Getter,1.0
H&M DIVIDED,1.0
MICOAMERI,1.0
SPELLBOUND,1.0
NEY,1.0
BEAMS LIGHTS Men's,1.0
Benny Gold,1.0
cava cava,1.0
MAJESTIC LEGON,1.0
Hawkins,1.0
TELLASON,1.0
HARVARD,1.0
MARCO BIANCHINI,1.0
coen,1.0
ROSE BUD,1.0
MAGIC STICK,1.0
ROTHCO,1.0
