0,1
カジュアルコーデ,9.0
モノトーン,8.0
ニット,7.0
ブラック,7.0
シンプル,6.0
オトナカジュアル,6.0
Dr.Martens,5.0
カジュアル,5.0
ファー小物,4.0
大人カジュアル,4.0
ママコーデ,4.0
ボーダー,4.0
タートルネック,4.0
キッズファッション,3.0
ストリート,3.0
ジョガーパンツ,3.0
ショートブーツ,3.0
デニム,3.0
大人コーデ,3.0
チェスターコート,3.0
ベレー帽,3.0
ストール,3.0
キッスコーデ,3.0
ZARA,3.0
スキニーデニム,3.0
冬,3.0
きれいめカジュアル,3.0
秋冬,3.0
ライダース,3.0
ワイドパンツ,3.0
ootd,2.0
パンツスタイル,2.0
レザージャケット,2.0
ダメージデニムパンツ,2.0
スヌード,2.0
MA-1,2.0
キッズコーデ,2.0
プチプラ,2.0
モックネック,2.0
秋冬コーデ,2.0
ハイネック,2.0
ニット帽,2.0
ドクターマーチン,2.0
黒,2.0
キャップ,2.0
ラフ,2.0
GU,2.0
ブーツ,2.0
ロールアップ,1.0
チャオパニックティピー(CIAOPANIC TYPY),1.0
シンプルコーデ,1.0
プティマイン,1.0
ハイウエスト,1.0
パンプス,1.0
モード,1.0
ハンドメイド,1.0
休日スタイル,1.0
WEARISTAお気に入りアウターコーデ,1.0
VANS,1.0
男の子,1.0
リバーシブル,1.0
男の子コーデ,1.0
5歳,1.0
おんなのこ,1.0
ママ,1.0
トレンチコート,1.0
ジージャン,1.0
オフタートル,1.0
used,1.0
ネックレス,1.0
Spick & Span(Spick & Span),1.0
チノパン,1.0
重ね着,1.0
ファッション,1.0
サイドゴアブーツ,1.0
ムートンブーツ,1.0
1歳,1.0
ポンプフューリー,1.0
クリスマス,1.0
モヘアニット,1.0
ミネトンカ,1.0
フリンジ,1.0
ニットスカート,1.0
テーラードジャケット,1.0
ケーブル編み,1.0
AVIREX,1.0
フレアスカート,1.0
お出かけコーデ,1.0
ダッフルコート,1.0
yeezy,1.0
ノーカラーコート,1.0
姉妹コーデ,1.0
ビッグシルエット,1.0
Vネックニット,1.0
オフィススタイル,1.0
grn,1.0
ニットパンツ,1.0
NYC,1.0
denim,1.0
女の子,1.0
袖フレア,1.0
スキニー,1.0
赤,1.0
サックスブルー,1.0
ボーダートップス,1.0
ロングカーディガン,1.0
しまむら,1.0
キャスケット,1.0
スニーカー,1.0
ちょっとそこまで,1.0
セーター,1.0
リンクコーデ,1.0
repetto,1.0
カラータイツ,1.0
コンバース ハイカット,1.0
barbour,1.0
カジユアル,1.0
ORiental TRaffic(ORiental TRaffic),1.0
JEFFREY CAMPBELL,1.0
スキニーパンツ,1.0
ニットワンピース,1.0
スリッポン,1.0
白,1.0
ロング丈,1.0
H&M,1.0
AZUL by moussy,1.0
トナカイ,1.0
アウターONアウター,1.0
PUMA,1.0
低身長,1.0
スカーチョ,1.0
ドレスシューズ,1.0
スカートスタイル,1.0
刺繍,1.0
オーバーサイズ,1.0
テーパードパンツ,1.0
ユニクロ,1.0
古着MIX,1.0
チープマンデー,1.0
オトナ女子,1.0
レオパード,1.0
キレイめ,1.0
レイカズン(Ray Cassin),1.0
シャツ,1.0
Denime,1.0
キャメル,1.0
ジャケットスタイル,1.0
赤ニット,1.0
ちょこびおすすめ,1.0
ミッキースウェット,1.0
かごバッグ,1.0
フェリシモ,1.0
冬コーデ,1.0
テラコッタ,1.0
