0,1
冬,16.0
カジュアル,16.0
大人カジュアル,13.0
冬のコーデ,12.0
シンプル,11.0
ゆるコーデ,10.0
デニム,9.0
ニット帽,8.0
カジュアルコーデ,8.0
スニーカー,7.0
ブーツ,7.0
ニット,6.0
パンツスタイル,6.0
冬コーデ,6.0
ベレー帽,6.0
チェスターコート,5.0
キッズファッション,5.0
MA-1,5.0
コンバース,5.0
ラフ,5.0
タートルネック,5.0
シンプルコーデ,4.0
ファー小物,4.0
秋冬,4.0
キレイめ,4.0
オトナカジュアル,4.0
ワンピース,4.0
スウェット,4.0
ブラック,4.0
デニムパンツ,4.0
プチプラ,4.0
ワイドパンツ,4.0
ニットワンピース,3.0
古着,3.0
ママコーデ,3.0
コート,3.0
秋のコーデ,3.0
スカート,3.0
もこもこ,3.0
ootd,3.0
ライダース,3.0
ハット,3.0
モノトーン,3.0
大人コーデ,3.0
キッズコーデ,3.0
ロングコート,3.0
リブニット,2.0
きれいめカジュアル,2.0
ボーダー,2.0
ストール,2.0
streetstyle,2.0
サロペット,2.0
カーキ,2.0
レオパード,2.0
黒,2.0
ピンク,2.0
サルエルパンツ,2.0
セットアップ,2.0
GU,2.0
ハイカットスニーカー,2.0
デニムジャケット,2.0
赤,2.0
グレー,2.0
ナチュラル,2.0
キャップ,2.0
converse,2.0
ローファー,2.0
ジャケット,2.0
UNIQLO,2.0
casual,2.0
outfit,2.0
ママファッション,1.0
ニットカーディガン,1.0
白Tシャツ,1.0
プードル,1.0
白スニーカー,1.0
デニムスカート,1.0
ダメージデニムパンツ,1.0
アウター,1.0
ロングカーディガン,1.0
白ニット,1.0
スタンスミス,1.0
タートルネックニット,1.0
ワントーンコーデ,1.0
street,1.0
ドット,1.0
チュニック,1.0
スウェード,1.0
タイツ×靴下,1.0
古着MIX,1.0
オールドスクール,1.0
白パンツ,1.0
ムートンブーツ,1.0
フリンジ,1.0
タイトスカート,1.0
モノトーンコーデ,1.0
ダウン,1.0
スヌード,1.0
ミッキー,1.0
白,1.0
ジャンパースカート,1.0
チビーズ✳︎,1.0
オトナ女子,1.0
シャツスタイル,1.0
ヘアアレンジ,1.0
めがね,1.0
シャギーニット,1.0
レイヤードスタイル,1.0
ニットスカート,1.0
4歳,1.0
フライトキャップ,1.0
おでかけ,1.0
ショルダーバッグ,1.0
パイソン柄,1.0
ファー帽子,1.0
ネイビー,1.0
モード,1.0
リュック,1.0
スカジャン,1.0
モカシン,1.0
ホワイトコーデ,1.0
ネックレス,1.0
ポシェット,1.0
黒スキニー,1.0
チェック,1.0
ロング丈,1.0
fashion,1.0
オフィススタイル,1.0
紅一点祭り,1.0
パーカー,1.0
kidsfashion,1.0
あったかコーデ,1.0
ロングブーツ,1.0
ブーティ,1.0
レギンス,1.0
ファーバッグ,1.0
denim,1.0
アメカジ,1.0
ショートヘア,1.0
ジャージ,1.0
デートスタイル（WOMEN）,1.0
チェックスカート,1.0
キッスコーデ,1.0
オールスター,1.0
トートバッグ,1.0
チュールスカート,1.0
ライダースジャケット,1.0
ダッフルコート,1.0
5歳,1.0
ガウチョパンツ,1.0
winter,1.0
GAP,1.0
シャツ,1.0
チェックシャツ,1.0
前髪ぱっつん,1.0
クラッチバッグ,1.0
デート,1.0
アクセサリー,1.0
DENIM DUNGAREE,1.0
Gジャン,1.0
フード,1.0
タイツ,1.0
Vネック,1.0
黒タイツ,1.0
サスペンダー,1.0
からし色,1.0
ガウン,1.0
black,1.0
カーディガン,1.0
