0,1
オフィススタイル,5.0
vetements,4.0
マムジーンズ,4.0
LEE,4.0
黒×赤,3.0
ダニエルウェリントン,3.0
ワーク,3.0
STUDIOUS,3.0
driesvannoten,3.0
snow,2.0
UNIQLO,2.0
出張,2.0
黒デニム,2.0
デニムコーデ,2.0
会社員,2.0
ワイトパンツ,2.0
青,2.0
しましま,2.0
適当,1.0
テーラードジャケット,1.0
バッグパック,1.0
HusHusH,1.0
ゴルフ,1.0
厚底サンダル,1.0
大人可愛い,1.0
あったかコーデ,1.0
大阪,1.0
出勤コーデ,1.0
チープカシオ,1.0
マリンキャスケット,1.0
ローファー,1.0
タッセル,1.0
ワンスター,1.0
メガネ×ニット帽,1.0
トレンチコート,1.0
デニムコート,1.0
クラッチ,1.0
おとなコーデ,1.0
ヴェトモン,1.0
