0,1
アメアパ,4.0
CHRISTIAN DADA,3.0
visvim,3.0
American Apparel,3.0
 ラフ,3.0
JEFFREY CAMPBELL,3.0
イルミネーション,2.0
DISCOVERED,2.0
black,2.0
モコモコ素材,2.0
サーフスタイル,2.0
 ゆるコーデ,2.0
ブルゾン,2.0
ロデオクラウンズ,2.0
美容師,2.0
ねむい,1.0
superstar,1.0
アディダスオリジナルス,1.0
khaki,1.0
テニススカート,1.0
トートバッグ,1.0
SASQUATCHfabrix,1.0
チュール,1.0
 冬コーデ,1.0
SCHOTT,1.0
デニムボアジャケット,1.0
70's,1.0
仕事帰り,1.0
西海岸,1.0
黒,1.0
