0,1
Champion,29.0
チャンピオン,26.0
Levi's,9.0
THE NORTH FACE,7.0
converse,6.0
Columbia,6.0
Polo Ralph Lauren,5.0
黒リュック,5.0
リーバイス,5.0
CAP,4.0
ドラフトリーバイス,4.0
MHL.,3.0
デニムオンデニム,3.0
コロンビア,3.0
セットアップ風,3.0
出勤コーデ,3.0
もんげー岡山会,3.0
menswear,2.0
リーバイス501,2.0
ジョーダン,2.0
海,2.0
men,2.0
大人色気出し部,2.0
チャンピオン パーカー,2.0
AF1,2.0
Shizuoka ℒℴѵℯ❤,2.0
12月WEAR月間タグファン感謝祭,2.0
クロスキニー,2.0
Ralph Lauren,2.0
別注,2.0
シンプルℒℴѵℯ❤,2.0
バイカラー,1.0
スターウォーズ,1.0
SATURDAYS SURF NYC,1.0
ランチコート,1.0
 ニット,1.0
ミリタリーパンツ,1.0
ベースボールキャップ,1.0
サブカル,1.0
アウトドアミックス,1.0
ズルズル,1.0
Gregory,1.0
3色コーデ,1.0
ブルーコーデ,1.0
cons,1.0
MENS,1.0
派手,1.0
バルーンスカート,1.0
仕事コーデ,1.0
バルトロライトジャケット,1.0
個性派,1.0
オリーブ,1.0
Hender Scheme,1.0
靴下,1.0
newyork,1.0
